2270165927369178503204078501751920274107226997110452180430948240002427111688266841115538502085
2828820954571186253107531055104377841149814060287992293113968274842774917138190722466935732203
69784540879712861908931352332420862143731272271421356430877912322148844023430216441948326490
20844227431805113993112402650423867210811652323742959515923313472174528779212631077934481473817317
191111854229292160567212485320753191073188622875163782226311172128292378132484233111754521318871
3224223560694513490313882751686291290615451101822085914702603711148212679769133322105609029706
290902669371445783144699101294221901312773274332409212049564162643210465464837407098937958
3561200762601322217236132410122761588810944283829847244365099558530451435329865137392723729163
8731924025073275122392213125266781461732375124702140915322221243134610978742129080497711676994
263462040421857253871441088725309847721190209951928180081354830306724259622070022343702929585
154822878824851326402087763663128085321428518728280201315921820123161947026997633089432891225341
21204252861644415594431823416314812622711841162783149915680411796412749013518161152746205933348
212522408829922236552620631317372028827401121781218119307139481714822541158982391019431522626715
10314297553810779111323260294303137325158948620108755811111147911159925257383228775303892788
927613559440290051725416814178361078493884538305101457030110289897361315722710201172360717284
81612512146979202279313065525636322461835318523639242181174819366276971804172098676245767236
135291213711645312072071098929967113721025129532285572214127991274503121614402123265041914314870
3377113202145397314016164243148026576926682086911735882131898916847847630921308402840619914
16792286022288020030287711315743315319125733240303703041724609148541242212137324574868235372625
2207622264108602560515495326523162830799122721606629404286161549477341077665452457391242140421473
2450578492485926607177059746602382629782309144482183042843018315444215559304846415647497
1561817802282993243029693341722045315485069245152932928420205522323265245431176483991224949543
11648230195331927332692681160173267013743133772890446627304196701687431428182832681137832567
26490180582939217033754275001934023154276792237725164468711119212543073760001024070951537225998
4789293501211827570193022242889730801228202756814551247615021227852899360721532664621288326472
192931876430662170121313013467867010017428938425517647785941888763512987226191847990488095
438931734261231180928941311911981194168216672956116353305471824946602662020026818458028397
1809052052141169303181233402681227092396712844952711508673438422338053762925118716418620531
950210603461315269221710087203501873618790305481601081466506199088450699616750318381600328457
184681942126214288259159141721995519487107422785678891076712738140381888116597174132312906916472
13815321365709181107471023918565297402937514052756614388115529244314382018283771524426383654
1999185161819293653207326073501823721010107912413515292269001391170042453227142281741582312274
57651850227971203503005575056741163701850856581659127199326298367668622381815435802151123681
2034215577808515779317183028011350320020274243112554317902263478717309882939037414627842020535
55433009515011710521941200919652652630109150481571225408155784557254402363919348178911524913993
212881171616724167432511027072287521329449529658368481711841915475209592016378838203143243634
7867112048040123381814917162316301692631047250081317316151295843813521680718993309512623030884
6582141101723254312517533231963661684254036294788732604216251626348947744242162407211585
2717514904251952318512817299922939431220957023818212243141718481365620947252831126037482160432746
3000789962036918590162952366118214122373061126239939928679182672969831449457752036095219412695
1582522450436518421211252366223442313511229725346285981399916569212912503973991939779781732332264
2949206793458288583226826518490416845921527769229191736886162416624653169273027823659132826842
157831252723453173961228187623077516626214701132098561883758221913313121065616225857396656942
28349271838347819089726831256167937289622286837541839026622243061153643211513442449728166
1948118205176751286023015267812893910499131251504362885915883173615541187712256727156915026721
17858274431736266731589193915050848215442219022341290362780626467227101120765681797770664393
31385777759971255813220124772230169452409327513175231437769520289157961317331066130248858
12103069124271137312694144813248832252784826199184056235109563236724401295013019119427911629861
259415442267483006689229169207052944620197140321324239861830413663655551992333767041460017573
1371276626580227221060243032947027122141192382463224883187332316287637498135112326432253665
316623033211796320529292202345742128902803081352777628552120391899944311664230248205851669927123
205931753221882286861455020834147892678233011661227217306838439893435853274216069312132189176
124784318252711700624502240733231813063244805989718671763184023581570621762266596416419264
92955301931124627113231912697214482160202433532200667112560268781870921790826021628320925912
7126113721485831995130483586229299679960525987253077131108426700244181505617836286942676319966
2032170322204923112160292244512546496219802142321589629149317271536513707239558674289783128522340
254142225943259853749158083137018633264712711561361509184031643330411158192804416502407015616
183361382145471854539899133325252393143042773049616423208462994128413212402892914442162103619
179866712663320024262582105728848127685638150701616926049296291226918083265301649727189051232
29515275402949660804348259212871186773098511041885022308752610425115601090322599191203090314287
2155547193179530061149387477218702696369525007157014358176902991013671105823220915353106046466
20837167642288310462764332449812418134126985767265672582321061809626733101882078100553049430359
16362323318021024011739499510388215556676477374272704510428101421115236729992233602359728094
128505837150502517822084285723653237198907210249853511100611838366416008284698868234632973
1124614030752613287127262144415572283921640618621253141589576088330477528038984818275184441986
327011584628361166342637832093178087524201762899239122237157511074717916178728956115041749320824
6125147262131092115315319421338222444947158612925120713586417028731613994293802197481624925
57171699128958207957430862856771667914134326421456524793302812331759731291225722676221911555
16896187431466429667405921515330010509152662384241031547497219721955510750236991921290257094
1153212160369425009284032776952981832717002534172742918912708250581293320600274534227144026221
304135064243721223060761543115630932821080309557936800318212536423767113052264359516284387
2002299288383104402766762532236867671170325492884820752753211856778460863095812064315436103
626618297190582703119497317172458411401908450361758827336213041416227254193651163622624134722930
2456018024235482438327816544396298194426514493181032854033643090080027770172993083069625369
2846992872907267021154321379293034068301911670832149270473729163563108369772602525896161862371
155102451710868109192111617954154722808317812169921033725633787916280234333135615228318432193016077
24789888260463135119009257137911905619862282956569267052415780962184723712201387501199151804
233713224964902250422874413589681906825102997921751137362888640921821440421015356561800810722
11671138011825797162346126422672811438112238125293389803782229487582031415258029821195717412
216615442218312604430610145603893360162401097634922996821206296521602632500770265442872022042
22571895219011338527140128114205738224608325451643522701674765122444821586117844309392331512
11839278581400424370200885331230201048495335092917310285148512424225762089472541602067428845
201323036319121144471894393483326834267201520231976319075310664410096221603012014699224476697
115423757241931580109821525967238746188430727743106032732187672521920117215253792696126148
160674112290202299460362568027072239212497213862231153121624820234256330264664135317625828140
17452532625201199385558189951881929485178051991111961307043417675827159149552442629166111492591
284925003266651233810396100401012222294207564217816547828171089531858820810388141761911226553
2552318272475956529769663618561671063752376416061176016401361827567761043863621378429839
13510419784014710233779758241401202218570131873178613166413840461409422452224605542099418685
298761306864584605145955748131263054328137193124747294622893853456900509310181203532045317116
155532341779313588234967488609231342453731401122912727010104303662173832190841207442901417848
2940519968124296643916421955627129222637225282156551434641921402921989805129821116981249221568
309212430428650303622710075681221512394308457341543226046671591099925175189972310572025330463
50474073138163245547522842010990310582609415914109982176521171160078011459330856458829529291
1139294633714208929099172041231525039196274260270745946113973148428226700522137622525487547
1632616307212981838825024237991614220867515512730282282653524999101461803012737277261191112730045
11032112822798674131333515365158529746131221977217247150285547597067603122024087127432383513288
3412022446973672375910383984315181315831817105572972682384517717261021256424331841419247
1742823629296721446325827697550419630173782675131407102312248122325154312192946077832175220887
2379520647102092870716054269811659692221181325623140801919526646184453149216249620684393209813642
21318247446449188093049736095907188022601426033236553005319769201636848168752975119033501323788
148341617617466311681700918179359810388592484412023156324205117217691210374356140833627022
1474038291104731616281211384325412243212535811657217292725026402226221240416324149241733695023553
232714953110453271727959942115610230202682853527265195971436624252502432482572213727520611948
3005329821333132619549298519426481314402373011781693420455248055845131133088364192570016513
261561090121198309042826219852195149660232362878125823113182288113502298833705110110522311125805
2947625723217402769227902629715088618822516525779157751605221339233922135116652032285095998
3235332136122292634130014291302333188311672298802309023584221302498788261723152421378711162409
281002217518681243431470026579107811067427622826931601167624626613296825148942315561116928252
27366986885728692713537362398224731549921333102729752667234742729414514150992304422867952
243755517212142761561901196521580135241454212442838125011253122729227471134233240523036232797315
20578143832836323008846221165180212856112744086260431605918432178791537251673217417641607719109
24515708176201032916429248183060929659321882619021156126521021520847758220395253209592162941905
31040255222110129433980631699249328260284494481105408891321391512227469266471266275741079621630
236752583248872711823473313427324799631471566161846849349023125814867800926634208121253
118212855560161238429879305321934668352697910382282224225869920446180725825121376470243229413
275943027132521225552835542612230098097192284193230127801221179355393144928833295632663573
78353222817929119156500302511038853892731826093223704773182103053915522284441120250691815424058
1891610566159842020712209412231356753716242259182845255113015348811036298302095728551363016698
22849898724429117191526311110336384206771667030267700066122543619579168712426196311662718287